[gd_scene load_steps=6 format=3 uid="uid://cmm4eg1v0ugfu"]

[ext_resource type="PackedScene" uid="uid://ccow75yvgjo8b" path="res://assets/mesh/Arena/arena.tscn" id="1_vahsd"]
[ext_resource type="PackedScene" uid="uid://bndaskydtaue0" path="res://src/actor/player/player.tscn" id="2_lama4"]
[ext_resource type="PackedScene" uid="uid://bv5qtmvlh4es3" path="res://src/actor/enemy/Shadhavar/shadhavar.tscn" id="3_msbpl"]
[ext_resource type="PackedScene" uid="uid://bapa2ag17in3v" path="res://src/prop/ExplosivePot/ExplosivePot.tscn" id="4_15ku5"]
[ext_resource type="PackedScene" uid="uid://d1ebtad282cxc" path="res://src/prop/HealingPot/HealingPot.tscn" id="5_731pb"]

[node name="MainSceneWarrior" type="Node3D"]

[node name="arena" parent="." instance=ExtResource("1_vahsd")]

[node name="Actor" type="Node3D" parent="."]

[node name="Player" parent="Actor" instance=ExtResource("2_lama4")]
transform = Transform3D(-0.261953, 0, -0.649138, 0, 0.7, 0, 0.649138, 0, -0.261953, 12.1436, 0.50371, 2.92498)

[node name="Shadhavar" parent="Actor" instance=ExtResource("3_msbpl")]
transform = Transform3D(0.32603, 0, -0.945359, 0, 1, 0, 0.945359, 0, 0.32603, -11.7331, 0.659078, -3.31649)
HEALTH = 3.0
SPEED = 5.0
JUMP_FORCE = 0.0
DAMAGE = 1

[node name="Prop" type="Node3D" parent="."]

[node name="ExplosivePot" parent="Prop" instance=ExtResource("4_15ku5")]
transform = Transform3D(0.680388, 0, -0.732852, 0, 1, 0, 0.732852, 0, 0.680388, 10.2418, 0.340104, -7.2986)

[node name="ExplosivePot2" parent="Prop" instance=ExtResource("4_15ku5")]
transform = Transform3D(0.680388, 0, -0.732852, 0, 1, 0, 0.732852, 0, 0.680388, 8.67296, 0.340104, -8.85032)

[node name="ExplosivePot3" parent="Prop" instance=ExtResource("4_15ku5")]
transform = Transform3D(0.680388, 0, -0.732852, 0, 1, 0, 0.732852, 0, 0.680388, 7.4083, 0.340104, -10.3506)

[node name="ExplosivePot4" parent="Prop" instance=ExtResource("4_15ku5")]
transform = Transform3D(0.977353, 0, 0.211615, 0, 1, 0, -0.211615, 0, 0.977353, -1.07033, 0.340104, -12.4256)

[node name="ExplosivePot5" parent="Prop" instance=ExtResource("4_15ku5")]
transform = Transform3D(0.977353, 0, 0.211615, 0, 1, 0, -0.211615, 0, 0.977353, -3.08593, 0.340104, -11.9499)

[node name="ExplosivePot6" parent="Prop" instance=ExtResource("4_15ku5")]
transform = Transform3D(0.977353, 0, 0.211615, 0, 1, 0, -0.211615, 0, 0.977353, -5.13707, 0.340104, -11.4282)

[node name="HealingPot" parent="Prop" instance=ExtResource("5_731pb")]
transform = Transform3D(0.964879, 0, -0.262694, 0, 1, 0, 0.262694, 0, 0.964879, 1.23056, 0.340104, -12.0805)

[node name="HealingPot2" parent="Prop" instance=ExtResource("5_731pb")]
transform = Transform3D(0.964879, 0, -0.262694, 0, 1, 0, 0.262694, 0, 0.964879, 3.13989, 0.340104, -11.5607)

[node name="HealingPot3" parent="Prop" instance=ExtResource("5_731pb")]
transform = Transform3D(0.964879, 0, -0.262694, 0, 1, 0, 0.262694, 0, 0.964879, 5.04083, 0.340104, -11.0431)

[node name="ExplosivePot7" parent="Prop" instance=ExtResource("4_15ku5")]
transform = Transform3D(-0.698265, 0, 0.71584, 0, 1, 0, -0.71584, 0, -0.698265, -10.1888, 0.340104, 7.41961)

[node name="ExplosivePot8" parent="Prop" instance=ExtResource("4_15ku5")]
transform = Transform3D(-0.698265, 0, 0.71584, 0, 1, 0, -0.71584, 0, -0.698265, -8.76968, 0.340104, 8.73986)

[node name="ExplosivePot9" parent="Prop" instance=ExtResource("4_15ku5")]
transform = Transform3D(-0.698265, 0, 0.71584, 0, 1, 0, -0.71584, 0, -0.698265, -7.53104, 0.340104, 10.1443)

[node name="ExplosivePot10" parent="Prop" instance=ExtResource("4_15ku5")]
transform = Transform3D(-0.978227, 0, -0.207536, 0, 1, 0, 0.207536, 0, -0.978227, 1.39842, 0.340104, 12.6881)

[node name="ExplosivePot11" parent="Prop" instance=ExtResource("4_15ku5")]
transform = Transform3D(-0.978227, 0, -0.207536, 0, 1, 0, 0.207536, 0, -0.978227, 3.23696, 0.340104, 12.2147)

[node name="ExplosivePot12" parent="Prop" instance=ExtResource("4_15ku5")]
transform = Transform3D(-0.978227, 0, -0.207536, 0, 1, 0, 0.207536, 0, -0.978227, 4.99711, 0.340104, 11.6919)

[node name="HealingPot4" parent="Prop" instance=ExtResource("5_731pb")]
transform = Transform3D(-0.963775, 0, 0.266717, 0, 1, 0, -0.266717, 0, -0.963775, -1.65006, 0.340104, 12.4677)

[node name="HealingPot5" parent="Prop" instance=ExtResource("5_731pb")]
transform = Transform3D(-0.963775, 0, 0.266717, 0, 1, 0, -0.266717, 0, -0.963775, -3.38882, 0.340104, 12.0283)

[node name="HealingPot6" parent="Prop" instance=ExtResource("5_731pb")]
transform = Transform3D(-0.963775, 0, 0.266717, 0, 1, 0, -0.266717, 0, -0.963775, -5.14588, 0.340104, 11.606)
